%YAML:1.0
---
NUM_LMKS: 68
TRAIN_ROUND: 5
LMKS_EACH_ROUND: [ -1, 15, 22, 22, 0 ]
ID_IN_ROUND_0: []
ID_IN_ROUND_1: [ 2, 5, 8, 11, 14, 31, 33, 35, 36, 39, 42, 45, 56, 57, 58 ]
ID_IN_ROUND_2: [ 1, 3, 6, 8, 10, 13, 15, 18, 20, 23, 25, 30, 31, 35, 36,
    39, 42, 45, 48, 51, 54, 57 ]
ID_IN_ROUND_3: [ 1, 3, 6, 8, 10, 13, 15, 18, 20, 23, 25, 30, 31, 35, 36,
    39, 42, 45, 48, 51, 54, 57 ]
ID_IN_ROUND_4: []
NORMAL_WID: 128
NORMAL_BORDER: 64
OpenCV_HAAR: "haarcascade_frontalface_alt2.xml"
SDM_Mat: "face_sdm.bin"
Mean_Shape: [ 7.22406693e+01, 1.16115669e+02, 7.26001892e+01,
    1.31224258e+02, 7.44523849e+01, 1.46285263e+02, 7.78420486e+01,
    1.60833481e+02, 8.39716568e+01, 1.74224945e+02, 9.33170242e+01,
    1.85846054e+02, 1.04591995e+02, 1.95426178e+02, 1.16863205e+02,
    2.02954956e+02, 1.30452255e+02, 2.04861328e+02, 1.43840332e+02,
    2.02190399e+02, 1.55789902e+02, 1.94404922e+02, 1.66909805e+02,
    1.84793961e+02, 1.75974487e+02, 1.73188965e+02, 1.81946762e+02,
    1.59532425e+02, 1.85070694e+02, 1.44819412e+02, 1.86561447e+02,
    1.29835144e+02, 1.86903000e+02, 1.14669502e+02, 8.14464417e+01,
    1.05020027e+02, 8.85629807e+01, 9.79904938e+01, 9.89906082e+01,
    9.58675690e+01, 1.09836174e+02, 9.73094711e+01, 1.19535698e+02,
    1.01535828e+02, 1.36784637e+02, 1.00692787e+02, 1.47089249e+02,
    9.63017960e+01, 1.57985245e+02, 9.47778931e+01, 1.68548767e+02,
    9.70595856e+01, 1.75670776e+02, 1.03982178e+02, 1.28626801e+02,
    1.12867607e+02, 1.28664490e+02, 1.22523773e+02, 1.28737778e+02,
    1.32063141e+02, 1.28877823e+02, 1.41939987e+02, 1.16603638e+02,
    1.48985275e+02, 1.22639198e+02, 1.51042114e+02, 1.28876099e+02,
    1.52633942e+02, 1.35132568e+02, 1.50860657e+02, 1.40744598e+02,
    1.48916962e+02, 9.32850571e+01, 1.14521965e+02, 9.97205276e+01,
    1.10834030e+02, 1.07271622e+02, 1.11006020e+02, 1.13891151e+02,
    1.15936272e+02, 1.07128372e+02, 1.17083046e+02, 9.94389343e+01,
    1.17171547e+02, 1.43008774e+02, 1.15476402e+02, 1.50022232e+02,
    1.10139893e+02, 1.57523270e+02, 1.10138954e+02, 1.63840347e+02,
    1.13615059e+02, 1.58148514e+02, 1.16216209e+02, 1.50607468e+02,
    1.16513306e+02, 1.06817848e+02, 1.66929428e+02, 1.15183548e+02,
    1.63518570e+02, 1.23495644e+02, 1.61708298e+02, 1.28854965e+02,
    1.63164078e+02, 1.34981674e+02, 1.61621170e+02, 1.43495300e+02,
    1.63402969e+02, 1.51785568e+02, 1.66204086e+02, 1.43789322e+02,
    1.74358871e+02, 1.35747757e+02, 1.78089920e+02, 1.29190552e+02,
    1.78880493e+02, 1.23254295e+02, 1.78332764e+02, 1.15077026e+02,
    1.74908890e+02, 1.10196327e+02, 1.67252060e+02, 1.23464348e+02,
    1.66490829e+02, 1.28928619e+02, 1.67056396e+02, 1.35120255e+02,
    1.66303223e+02, 1.48396469e+02, 1.66697311e+02, 1.35275009e+02,
    1.70791473e+02, 1.28982010e+02, 1.71652222e+02, 1.23380440e+02,
    1.71043213e+02 ]
